
function z= obj2(x)

gp=[2.946;
2.865;
2.842;
3.039;
3.34;
3.595;
3.629;
3.398;
3.015;
2.714;
2.517;
2.448;
2.309;
2.008;
1.718;
1.683;
1.718;
1.683;
1.637;
1.614;
1.625;
1.625;
1.614;
1.637;
1.822;
2.286;
2.842;
3.27;
3.525;
3.571;
3.525;
3.502;
3.548;
3.618;
3.722;
3.792;
3.838;
3.861;
3.838;
3.757;
3.641;
3.479;
3.328;
3.154;
3.039;
2.934;
2.946;
2.934;
2.946;
2.946];

ld=[3.811;
4.132;
3.962;
3.981;
3.868;
3.83;
3.811;
3.736;
3.66;
3.585;
3.509;
3.434;
3.377;
3.321;
3.264;
3.189;
3.151;
3.208;
3.226;
3.189;
3.208;
3.302;
3.491;
3.736;
3.868;
3.811;
3.792;
3.906;
4.255;
4.113;
4.283;
4.245;
4.113;
3.981;
3.887;
3.849;
3.849;
3.906;
3.849;
3.717;
3.604;
3.679;
3.698;
3.453;
3.283;
3.377;
3.585;
3.792;
3.83;
3.811];

%for i=1:28
%    if(gp-rtp>0.5)
%       {
%           x=0;
%       }
%   end
%end

z= sum(((3.811+x)*2.946)+((4.132+x)*2.865)+((3.962+x)*2.842)+((3.981+x)*3.039)+((3.868+x)*3.34)+((3.83+x)*3.595)+((3.811+x)*3.629)+((3.736+x)*3.398)+((3.66+x)*3.015)+((3.585)*2.714)+((3.509)*2.517)+((3.434)*2.448)+((3.321)*2.008)+((3.264+x)*1.718)+((3.189+x)*1.683)+((3.151+x)*1.718)+((3.208+x)*1.683)+((3.226+x)*1.637)+((3.189+x)*1.614)+((3.208+x)*1.625)+((3.302+x)*1.625)+((3.491+x)*1.614)+((3.736+x)*1.637)+((3.868+x)*1.822)+((3.811++x)*2.286)+((3.792+x)*2.842)+((3.906+x)*3.27)+((4.255+x)*3.525));
end